723539091988578304
723539117527568384
723539139686195200
723539188683931648
723539198721036292
723539301456330754
723539392137191425
723539502518702080
723539534449795073
723539705023754240
723539753782534144
723539858493431808
723539908590104577
723539935895105536
723539936226451456
723539941318250496
723539988311347200
723540006925643776
723540042724024320
723540242418913280
723540366201331712
723540386312941571
723540400791801856
723540545809715200
723540595109707776
723540632896200708
723540657302806529
723540662898053122
723540676537884673
723540810256527361
723540818410115072
723540833505398784
723540845631299584
723540899465023488
723540945711423488
723541034710474753
723541089634770944
723541096819744768
723541105590063109
723541261223792640
723541288084185088
723541322553012224
723541420280320000
723541446075269121
723541451519475715
723541542330208257
723541594549399552
723541625599721472
723541646793687040
723541655215693825
723541668323012608
723541695959166977
723541697641254912
723541710093963264
723541793976029184
723541806403739649
723541807280328704
723541820916006917
723541827639492608
723541835747069953
723541835751264258
723541836590125057
723541838200709120
723541843066105857
723541846211891201
723541847398854656
723541858652196864
723541870471745536
723541874997354496
723541890730233856
723541901442461697
723541919540908033
723541932337668096
723542039242088449
723542104350183424
723542180879589376
723542203251879937
723542248609198080
723542250320465921
723542281068924930
723542494563164161
723542557591003137
723542567208386560
723542610237857792
723542792723636224
723542877238890496
723542896121548800
723542920981258240
723543056075640832
723543103542562817
723543154075557888
723543169527246848
723543246442516480
723543266050867200
723543282458861569
723543417913901056
723543558347591681
723543680330698752
723543781778309122
723543828972576769
